99,33
0,344
0,335
99,32
99,23
0,333
0,330
0,328
99,31
0,323
99,22
99,21
99,20
99,19
99,18
99,17
99,16
99,15
99,14
99,13
99,12
99,11
99,10
99,9
99,8
99,7
99,6
99,5
99,4
99,2
99,1
99,0
98,3
98,2
98,1
98,0
97,4
97,3
97,2
97,1
97,0
96,5
96,4
96,3
96,2
96,1
96,0
93,4
93,3
93,2
93,1
93,0
56,5
56,4
56,3
56,2
56,1
56,0
55,4
55,3
55,2
55,1
55,0
52,4
52,3
52,2
52,1
52,0
49,4
49,3
49,2
49,1
49,0
43,9
43,8
43,7
43,6
43,5
43,4
43,3
43,2
43,1
43,0
36,6
36,5
36,4
36,3
36,2
36,1
36,0
22,4
22,3
22,2
22,1
22,0
14,6
14,5
14,4
14,3
14,2
14,1
14,0
6,3
6,2
6,1
6,0
4,3
2,5
2,4
2,3
2,2
2,1
2,0
1,3
0,445
0,408
0,322
0,243
0,0
0,1
99,30
99,3
0,441
0,9
0,310
0,305
0,308
0,304
0,303
0,302
0,307
0,12
0,439
0,10
0,8
0,432
0,300
0,316
0,299
0,313
0,298
0,430
0,297
0,429
0,296
0,428
0,295
0,371
0,294
0,406
0,293
0,386
0,292
0,405
0,291
0,412
0,290
0,403
0,289
0,352
0,288
0,401
0,287
0,393
0,286
0,427
0,285
0,399
0,284
0,398
0,283
0,282
0,426
0,281
0,395
0,280
0,389
0,279
0,396
0,278
0,327
0,277
0,392
99,24
99,26
99,27
99,29
101,0
101,2
101,4
103,0
103,2
103,3
103,5
117,0
117,1
117,3
117,4
118,1
118,2
118,4
118,6
119,0
119,2
119,3
120,1
120,3
121,0
121,2
121,3
122,1
122,2
123,0
123,2
123,3
124,1
124,2
125,0
125,2
125,3
126,1
126,2
127,0
127,1
127,3
128,1
128,2
129,0
129,1
129,3
133,1
133,2
133,4
133,5
134,1
134,3
134,4
135,1
135,2
135,4
135,5
135,7
135,9
135,10
135,12
135,13
135,15
135,17
135,18
135,20
135,21
135,23
135,24
135,26
135,28
135,29
135,31
135,32
135,34
135,36
135,37
135,39
135,40
135,42
135,64
135,66
135,68
136,0
136,2
136,3
136,5
136,6
136,4
136,1
135,67
135,65
135,41
135,38
135,35
135,33
135,30
135,27
135,25
135,22
135,19
135,16
135,14
135,11
135,8
135,6
135,3
135,0
134,2
134,0
133,3
133,0
129,2
128,3
128,0
127,2
126,3
126,0
125,1
124,3
124,0
123,1
122,3
122,0
121,1
120,2
120,0
119,1
118,5
118,3
118,0
117,2
103,6
103,4
103,1
101,3
101,1
99,28
99,25
0,276
0,391
0,275
0,390
0,274
0,355
0,273
0,388
0,272
0,425
0,271
0,387
0,270
0,431
0,269
0,385
0,268
0,404
0,267
0,383
0,266
0,265
0,384
0,264
0,381
0,263
0,380
0,262
0,379
0,261
0,378
0,260
0,377
0,259
0,376
0,258
0,437
0,257
0,375
0,256
0,374
0,255
0,340
0,254
0,423
0,253
0,372
0,252
0,422
0,251
0,421
0,250
0,249
0,369
0,248
0,443
0,247
0,368
0,246
0,367
0,245
0,402
0,244
0,332
0,242
0,329
0,241
0,240
0,436
0,239
0,362
0,238
0,361
0,237
0,360
0,236
0,420
0,235
0,419
0,234
0,435
0,233
0,232
0,357
0,231
0,440
0,230
0,324
0,229
0,331
0,228
0,354
0,227
0,226
0,321
0,225
0,351
0,224
0,418
0,223
0,350
0,222
0,349
0,221
0,348
0,220
0,417
0,219
0,347
0,218
0,434
0,217
0,346
0,216
0,424
0,215
0,314
0,214
0,416
0,213
0,343
0,212
0,342
0,211
0,433
0,210
0,414
0,209
0,341
0,208
0,415
0,207
0,311
0,206
0,339
0,205
0,338
0,204
0,203
0,337
0,202
0,365
0,201
0,200
0,336
0,199
0,410
0,198
0,438
0,197
0,364
0,196
0,397
0,195
0,373
0,194
0,320
0,193
0,334
0,192
0,326
0,63
0,325
0,62
0,400
0,61
0,411
0,60
0,359
0,59
0,394
0,58
0,447
0,57
0,407
0,56
0,55
0,317
0,54
0,444
0,53
0,446
0,52
0,409
0,51
0,318
0,50
0,356
0,49
0,312
0,48
0,442
0,47
0,309
0,46
0,45
0,301
0,6
0,5
0,11
0,4
0,2
0,3
0,7
